
0.4096000000000001


0.4352000000000001
0.4352000000000001
0.4352000000000001
0.4352000000000001
0.4352000000000001
0.4352000000000001

0.4096000000000001
0.4096000000000001
0.4096000000000001
0.4096000000000001
0.4096000000000001
0.4096000000000001
0.4096000000000001
0.4096000000000001
0.4352000000000001
0.4352000000000001
0.4096000000000001
0.4096000000000001
0.4096000000000001
0.4096000000000001
0.4096000000000001

-0.7936000000000001
-0.7936000000000001
-0.7936000000000001
-0.7936000000000001

-0.7424000000000002
-0.7424000000000002
-0.7424000000000002
-0.7424000000000002
-0.7424000000000002
-0.7424000000000002
-0.7424000000000002


-0.7936000000000001
-0.7936000000000001
-0.8192000000000002
-0.8192000000000002
-0.8192000000000002
-0.8192000000000002
-0.8192000000000002

-0.7936000000000001
-0.7936000000000001
-0.7936000000000001
-0.7936000000000001
-0.7936000000000001
-0.7936000000000001
-0.7936000000000001
-0.7936000000000001
-0.7936000000000001
-0.7936000000000001
-0.7936000000000001
-0.7680000000000001
-0.7680000000000001
-0.7680000000000001

0.46080000000000004
0.46080000000000004
0.46080000000000004
0.46080000000000004
0.46080000000000004
0.46080000000000004

-0.7424000000000002
-0.7424000000000002
-0.7424000000000002
-0.7424000000000002
-0.7424000000000002
-0.7424000000000002
-0.7424000000000002

-0.6912000000000001
-0.6912000000000001
-0.6912000000000001
-0.6912000000000001
-0.6912000000000001


0.5632
0.5632
0.5376000000000001
0.5376000000000001
0.5376000000000001
0.5376000000000001
0.5376000000000001
0.5632
0.5632
0.5888
0.5888
0.5888
0.5888
0.5888

-0.6144000000000002
-0.6144000000000002
-0.6144000000000002
-0.6144000000000002
-0.6144000000000002
-0.6144000000000002
-0.6144000000000002

-0.2816
-0.2816
-0.2816
-0.2816
-0.2816
-0.256
-0.256
-0.256
-0.256
-0.256
-0.256
-0.256
-0.256

-0.128
-0.128
-0.128
-0.128

-0.15360000000000004
-0.15360000000000004
-0.15360000000000004

-0.07680000000000002
-0.07680000000000002
-0.10240000000000002
-0.10240000000000002
-0.10240000000000002
-0.10240000000000002
-0.10240000000000002

0.0
0.0
0.0
0.025600000000000005
0.025600000000000005
0.025600000000000005
0.025600000000000005
0.025600000000000005
0.025600000000000005
0.025600000000000005
0.025600000000000005
0.025600000000000005
0.025600000000000005
0.0
0.0
0.05120000000000001
0.05120000000000001
0.05120000000000001
0.05120000000000001
0.05120000000000001

0.10240000000000002
0.10240000000000002
0.10240000000000002
0.10240000000000002
0.10240000000000002
